0:air
1:wall
2:lava
3:player
4:exit
5:wormhole
6:key
7:lock
8:glass
b:brokenglass
9:slider
[Training level]
22222111111111111111111
20000100000000010000001
20000100000000000000001
20000100000000000000001
20000100000000000010001
20000100000000111110001
20000110000000000000001
23000000000140000000001
21111111111122222222211
wormhole/14,3,6,2;
lock/21,8,1;
[Helix]
11122222222222111991
11000000000000011991
10000000000000001001
20011122222111002002
20011000000011002552
20010000000001002002
20020011211002002002
20020010001002002002
20020020402002002002
20020020032002002002
20020010000001002002
20020011000011002002
20020011122111002002
20010000000000001002
20011000000000011002
20011122222222111001
10000000000000000001
11000000000000000011
11122222222222222111
wormhole/17,4,18,4;
lock/
[Hi,on-]
111111111111111111111111111
100000000100000000000000001
100010100000000011110010001
100010100100000010010010001
100011100100000010010010001
100010100100000010010010001
100010100100110011110000001
100000000000010000000010001
100000000000000000000000001
100001100001711000001111111
100001000001000000100101011
100001000006100100100100011
100001001100110000010104001
100001000000011000010001001
100001111000011000100001001
100000010010110011000011001
100001110110100110011100001
130000000100001100000000001
111111111111111111111111111
wormhole/
lock/17,6,0,18,6,0;
[-ion]
111171111111111111111
100100000000000000001
100000000000000000001
100100111100111100001
100100100100100100001
100100100100100100001
100100100100100100001
100100111100100100001
100000000000000000001
104100000000100110001
101000100001060001001
101000010010000301011
101000010001000000011
100110000001000001001
100010000010010010001
100000001000010000101
100010000001000100001
111111111111111111111
wormhole/
lock/3,1,2;
[Glasshouse]
1111111111111111111111111
1111112220888888000000811
1111112220888811111100811
1111111111111811188b00811
1111111111111811111101811
1888888888888888881101811
1888888889888888881101811
1888888888888888881141811
1888888888888888881111811
1888888888888888882222222
1888888888888888882222222
1888888883888888882222222
1888888888888888882222222
1888888888888888882222222
1888888888888888882222222
1888888888888888882222222
1111111111111111111111111
wormhole/
lock/
[All roads lead to Rome?]
222111111111111122111111211
200000000111111000110001001
200000100100014000000100001
200110005000001000010000001
200100010100001101000101101
200100110110001000005000001
200100000000011000000000001
230000000000112000100010011
222222222221122121111222211
wormhole/8,3,20,5;
lock/
[A lion in the way]
11111111111111111
10000000000001061
10000000004001001
11222222221001001
11000b00903000001
10000000000101001
10011111111101001
10000001000001001
11000000000001007
11100000000001111
22222222222222222
wormhole/
lock/5,4,8,15,3,1;
[Have a try.]
222222222222222222222
205000000050000000052
200000050000500000002
250500000000000005002
200000428000000050002
250000800000050000002
250050000000005000002
200000500050000000002
250000000000000500002
200000005030500000002
205000000000000000052
200000000050000000002
200000500000000500052
200000005050000000002
200005000000050000052
200500000000000000502
200050000000000050002
250000880000088000002
200000888888888000002
222222122222221222222
wormhole/1,17,10,7;1,8,12,9;10,11,19,1;8,9,19,10;12,2,4,16;4,6,13,14;13,5,8,13;17,3,2,10;3,3,15,12;6,12,16,16;7,2,14,6;5,14,16,4;2,1,15,8;3,15,10,1;18,15,1,6;19,14,1,3;19,12,6,7;1,5,10,13;
lock/
[Fatal trap?]
111111111111112222222
100000000001112222222
100010000000112222222
110000000000022222222
100600000000012100002
100000000088888000012
100000000080008002012
110000000080708014002
160000000080008200002
100000000088888201102
110000000000002000001
110000000000012010002
120031000001002000002
111111111111112222222
wormhole/
lock/10,5,2,11,5,2,12,5,2,13,5,2,14,5,2,10,6,2,10,7,2,10,8,2,10,9,2,14,6,2,14,7,2,14,8,2,14,9,2,11,9,2,12,9,2,13,9,2;15,8,1,10,5,8,11,5,8,12,5,8,13,5,8,14,5,8,10,6,8,10,7,8,10,8,8,10,9,8,14,6,8,14,7,8,14,8,8,14,9,8,11,9,8,12,9,8,13,9,8;
[Vitamin C]
1111111222222
1000000000002
1001101111111
1001100000002
1001000000211
1002000000001
1001000000001
1001000009001
1011000100401
1010000003101
1000000000001
1110000000001
1111000000111
1111111111111
wormhole/
lock/
[Messy walls]
2222222222222222222222
2001000000000000010002
2000000000010000000012
2000000000000000000002
2000100000000100000002
2000000010100000000002
2000010000000001000002
2001000500000000000002
2100000000000000001002
2000000010000000000002
2000001000000000000002
2000030000000000000012
2000100000041005001002
2000000000010000000002
2001000000000000001002
2000000100100101000002
2000001000000000010002
2222222222222222222222
wormhole/7,7,15,12;
lock/
[Dance with fire!]
2222222222222222
2040000000000002
2000000000000002
2000800000080002
2000000000000002
2000009000000002
2000500009000002
2000003000000002
2000009000000002
2900900000005002
2000000000000002
2000000000000002
2222222222222222
wormhole/4,6,12,9;
lock/
[The opposite direction]
5555555555555555555555555
5000000000000000000000105
5000000000010010010000005
5000000000000000000002005
5000000004000000000000005
5003000000000001200000005
5000001000000000000010005
5000010001000000000000105
5021000000000000001000005
5000001000000000000000005
5000200000010000000000005
5000000000000000000000105
5100000000000000000100105
5000000100000000000000025
5000000000001000000000105
5000000000100000000000005
5000000000000000100000005
5555555555555555555555555
wormhole/1,0,1,17;2,0,2,17;3,0,3,17;4,0,4,17;5,0,5,17;6,0,6,17;7,0,7,17;8,0,8,17;9,0,9,17;10,0,10,17;11,0,11,17;12,0,12,17;13,0,13,17;14,0,14,17;15,0,15,17;16,0,16,17;17,0,17,17;18,0,18,17;19,0,19,17;20,0,20,17;21,0,21,17;22,0,22,17;23,0,23,17;0,1,24,1;0,2,24,2;0,3,24,3;0,4,24,4;0,5,24,5;0,6,24,6;0,7,24,7;0,8,24,8;0,9,24,9;0,11,24,11;0,12,24,12;0,13,24,13;0,14,24,14;0,15,24,15;0,16,24,16;
lock/
[Triple jump?]
22222221272122222222222
21000000001128888888882
20000010100128808880882
20005041000170050805082
20090010000128808880882
20090000001128888888882
10000000000128888888882
20000000000112222222222
11111111106311111111111
11100200011110001000002
21000000000100000000001
20000000100100080000011
20000500000100005050001
20000001000101000000001
10600000000100000110002
20010001000100100000002
22212121212121221222211
wormhole/4,3,18,12;16,12,19,3;15,3,5,12;
lock/9,8,1,10,7,1,9,6,9;4,11,1;
[Tricks of paths]
111111111111111111111111111111
111111110011111000011888888881
100100000000001100011888888881
100100000000001000000888888881
100100000000000001001888888881
100100000000001000001888888881
100100000000001100011888888881
100100000000001100001888888882
100100000000001101101888888882
100100000000001000000881888882
100100000000000010000588888882
100100900000032000010888188882
100011111811112114111888888882
100000000011102000088888888882
101000000000002881111888888881
100010000100002888888888888881
100100000000002888888888888881
101000000500002888888888888881
110000000000011888888888888881
100100000000008888888888888881
222222222222222111222222222222
wormhole/9,17,21,10;
lock/
[Central Park]
222222222222222222222
200000000020001110002
200900000008000000902
200000100028010000002
200000000020000010002
200000000820000000002
200010000020100000002
210000000080000000102
200111008000001000002
229222220040022222022
200100009000000101002
200100000080000010012
210010010020000000102
201010000020100310002
210010001021000001002
200101000020011000002
210000000000000000012
201000000020000100192
222222222222222222222
wormhole/
lock/
[Chain Reaction]
112222122222211112222221222211
100000698000001000000100000001
200000000010000000000000000002
200000000000000000000000100002
101000000000000000000000000001
200000000100040100000010000002
200000000000010000000000000002
200000000000000000000000000002
100000070000000000000000000001
100000000000700000000000000001
100000000000000007000000000001
100000000000000000000070000001
200000001000000000000000000002
200000100000000000000000000002
200000000000000000100000000002
100100000100000001000000000101
200000000000000000000000001002
200000000000000000000000000002
130000000000098900000000000061
122222122222211112222221222211
wormhole/
lock/1,19,1,10,6,6,7,10,6,14,14,8,7,15,1,7,18,1,12,14,1;28,19,2,12,14,0,14,14,8,7,18,0,7,6,8,4,0,1;20,12,1,21,15,1,27,7,1,25,8,1,3,9,1,21,15,1;10,5,1,12,4,1,13,4,1;
[end]



